[6.552894211576846,207.99800399201595,62966.21032154441,3331560.6924997657,2.19560878243513,2.614770459081836]
[8.877922077922078,207.64155844155843,87886.21879185268,8108193.033682528,1.038961038961039,1.8571428571428572]
+-------+-----+-----+
|cluster|polOr|count|
+-------+-----+-----+
|      0|    1|  231|
|      0|    2|  193|
|      0|    9|   77|
|      1|    2|  196|
|      1|    1|  122|
|      1|    3|   67|
+-------+-----+-----+





//----------------------------------------------------------------------------------------------------------------------
k = 6
+-------+-----+-----+
|cluster|polOr|count|
+-------+-----+-----+
|      0|    1|  185|
|      0|    2|   93|
|      1|    2|  103|
|      2|    9|   77|
|      2|    1|   51|
|      3|    2|   87|
|      3|    1|   14|
|      4|    2|  106|
|      4|    1|  103|
|      5|    3|   67|
+-------+-----+-----+

see cluster 2 -> evidence: Familien Ministerium -> 9 aber trotzdem ÖVP einfluss -> 1
