+-------+-----------------+------------------+------------------+------------------+--------------------+-------------------+------------------+-------------------+
|summary|     organisation|             media|    sumAmountByOrg|       sumOrgTotal|                   %|              isOVP|             isSPO|            isOther|
+-------+-----------------+------------------+------------------+------------------+--------------------+-------------------+------------------+-------------------+
|  count|              886|               886|               886|               886|                 886|                886|               886|                886|
|   mean|7.563205417607223|207.84311512415348|  73794.8821737664|  5407185.35542907|  1.6930022573363424|0.47404063205417607|0.5146726862302483|0.08690744920993228|
| stddev|4.053590233544176| 132.4535146812457|178820.92949891603|2977427.4035845953|  3.4270611793159045|0.49960768172167463|0.5000669504091756|0.28185849398893786|
|    min|                0|                 0|            5001.0|  193977.490234375|0.051213493253209744|                  0|                 0|                  0|
|    max|               14|               418|   2191940.0703125| 1.1715662453125E7|   32.63202141513564|                  1|                 1|                  1|
+-------+-----------------+------------------+------------------+------------------+--------------------+-------------------+------------------+-------------------+



k = 8 -> see elbow graphic at plotly "MT_KMeans_CategVar"



+-------+-----+-----+-------+-----+
|cluster|isOVP|isSPO|isOther|count|
+-------+-----+-----+-------+-----+
|      0|    1|    0|      0|   60|
|      1|    0|    1|      0|   87|
|      1|    1|    0|      0|   14|
|      2|    1|    1|      0|   67|
|      3|    0|    0|      1|   77|
|      3|    1|    0|      0|   51|
|      4|    1|    0|      0|  120|
|      4|    0|    1|      0|   89|
|      5|    0|    1|      0|  103|
|      6|    0|    1|      0|  106|
|      6|    1|    0|      0|  103|
|      7|    1|    0|      0|    5|
|      7|    0|    1|      0|    4|
+-------+-----+-----+-------+-----+
